a0 a2 00 01 10 00 10 b0 b3 

a0 a2 00 09 12 00 00 00 80 00 00 00 00 00 92 b0 
b3 

a0 a2 00 09 12 80 00 00 80 00 00 00 00 01 12 b0 
b3 

a0 a2 00 09 12 00 01 00 80 00 00 00 00 00 93 b0 
b3 

a0 a2 00 09 12 80 01 00 80 00 00 00 00 01 13 b0 
b3 

a0 a2 00 09 12 00 02 00 80 00 00 00 00 00 94 b0 
b3 

a0 a2 00 09 12 80 02 00 80 00 00 00 00 01 14 b0 
b3 

a0 a2 00 09 12 00 03 00 80 00 00 00 00 00 95 b0 
b3 

a0 a2 00 09 12 80 03 00 80 00 00 00 00 01 15 b0 
b3 

a0 a2 00 09 12 00 04 00 80 00 00 00 00 00 96 b0 
b3 

a0 a2 00 09 12 80 04 00 80 00 00 00 00 01 16 b0 
b3 

a0 a2 00 09 12 00 05 00 80 00 00 00 00 00 97 b0 
b3 

a0 a2 00 09 12 80 05 00 80 00 00 00 00 01 17 b0 
b3 

a0 a2 00 09 12 00 06 00 80 00 00 00 00 00 98 b0 
b3 

a0 a2 00 09 12 80 06 00 80 00 00 00 00 01 18 b0 
b3 

a0 a2 00 09 12 00 07 00 80 00 00 00 00 00 99 b0 
b3 

a0 a2 00 09 12 80 07 00 80 00 00 00 00 01 19 b0 
b3 

a0 a2 00 09 12 00 08 00 80 00 00 00 00 00 9a b0 
b3 

a0 a2 00 09 12 80 08 00 80 00 00 00 00 01 1a b0 
b3 

a0 a2 00 09 12 00 09 00 80 00 00 00 00 00 9b b0 
b3 

a0 a2 00 09 12 80 09 00 80 00 00 00 00 01 1b b0 
b3 

a0 a2 00 09 12 00 0a 00 80 00 00 00 00 00 9c b0 
b3 

a0 a2 00 09 12 80 0a 00 80 00 00 00 00 01 1c b0 
b3 

a0 a2 00 09 12 00 0b 00 80 00 00 00 00 00 9d b0 
b3 

a0 a2 00 09 12 80 0b 00 80 00 00 00 00 01 1d b0 
b3 

a0 a2 00 09 12 00 0c 00 80 00 00 00 00 00 9e b0 
b3 

a0 a2 00 09 12 80 0c 00 80 00 00 00 00 01 1e b0 
b3 

a0 a2 00 09 12 00 0d 00 80 00 00 00 00 00 9f b0 
b3 

a0 a2 00 09 12 80 0d 00 80 00 00 00 00 01 1f b0 
b3 

a0 a2 00 09 12 00 0e 00 80 00 00 00 00 00 a0 b0 
b3 

a0 a2 00 09 12 80 0e 00 80 00 00 00 00 01 20 b0 
b3 

a0 a2 00 09 12 00 0f 00 80 00 00 00 00 00 a1 b0 
b3 

a0 a2 00 09 12 80 0f 00 80 00 00 00 00 01 21 b0 
b3 

a0 a2 00 09 12 00 10 00 80 00 00 00 00 00 a2 b0 
b3 

a0 a2 00 09 12 80 10 00 80 00 00 00 00 01 22 b0 
b3 

a0 a2 00 09 12 00 11 00 80 00 00 00 00 00 a3 b0 
b3 

a0 a2 00 09 12 80 11 00 80 00 00 00 00 01 23 b0 
b3 

a0 a2 00 09 12 00 12 00 80 00 00 00 00 00 a4 b0 
b3 

a0 a2 00 09 12 80 12 00 80 00 00 00 00 01 24 b0 
b3 

a0 a2 00 09 12 00 13 00 80 00 00 00 00 00 a5 b0 
b3 

a0 a2 00 09 12 80 13 00 80 00 00 00 00 01 25 b0 
b3 

a0 a2 00 09 12 00 14 00 80 00 00 00 00 00 a6 b0 
b3 

a0 a2 00 09 12 80 14 00 80 00 00 00 00 01 26 b0 
b3 

a0 a2 00 09 12 00 15 00 80 00 00 00 00 00 a7 b0 
b3 

a0 a2 00 09 12 80 15 00 80 00 00 00 00 01 27 b0 
b3 

a0 a2 00 09 12 00 16 00 80 00 00 00 00 00 a8 b0 
b3 

a0 a2 00 09 12 80 16 00 80 00 00 00 00 01 28 b0 
b3 

a0 a2 00 09 12 00 17 00 80 00 00 00 00 00 a9 b0 
b3 

a0 a2 00 09 12 80 17 00 80 00 00 00 00 01 29 b0 
b3 

a0 a2 00 09 12 00 18 00 80 00 00 00 00 00 aa b0 
b3 

a0 a2 00 09 12 80 18 00 80 00 00 00 00 01 2a b0 
b3 

a0 a2 00 09 12 00 19 00 80 00 00 00 00 00 ab b0 
b3 

a0 a2 00 09 12 80 19 00 80 00 00 00 00 01 2b b0 
b3 

a0 a2 00 09 12 00 1a 00 80 00 00 00 00 00 ac b0 
b3 

a0 a2 00 09 12 80 1a 00 80 00 00 00 00 01 2c b0 
b3 

a0 a2 00 09 12 00 1b 00 80 00 00 00 00 00 ad b0 
b3 

a0 a2 00 09 12 80 1b 00 80 00 00 00 00 01 2d b0 
b3 

a0 a2 00 09 12 00 1c 00 80 00 00 00 00 00 ae b0 
b3 

a0 a2 00 09 12 80 1c 00 80 00 00 00 00 01 2e b0 
b3 

a0 a2 00 09 12 00 1d 00 80 00 00 00 00 00 af b0 
b3 

a0 a2 00 09 12 80 1d 00 80 00 00 00 00 01 2f b0 
b3 

a0 a2 00 09 12 00 1e 00 80 00 00 00 00 00 b0 b0 
b3 

a0 a2 00 09 12 80 1e 00 80 00 00 00 00 01 30 b0 
b3 

a0 a2 00 09 12 00 1f 00 80 00 00 00 00 00 b1 b0 
b3 

a0 a2 00 09 12 80 1f 00 80 00 00 00 00 01 31 b0 
b3 

a0 a2 00 09 12 00 20 00 80 00 00 00 00 00 b2 b0 
b3 

a0 a2 00 09 12 80 20 00 80 00 00 00 00 01 32 b0 
b3 

a0 a2 00 09 12 00 21 00 80 00 00 00 00 00 b3 b0 
b3 

a0 a2 00 09 12 80 21 00 80 00 00 00 00 01 33 b0 
b3 

a0 a2 00 09 12 00 22 00 80 00 00 00 00 00 b4 b0 
b3 

a0 a2 00 09 12 80 22 00 80 00 00 00 00 01 34 b0 
b3 

a0 a2 00 09 12 00 23 00 80 00 00 00 00 00 b5 b0 
b3 

a0 a2 00 09 12 80 23 00 80 00 00 00 00 01 35 b0 
b3 

a0 a2 00 09 12 00 24 00 80 00 00 00 00 00 b6 b0 
b3 

a0 a2 00 09 12 80 24 00 80 00 00 00 00 01 36 b0 
b3 

a0 a2 00 09 12 00 25 00 80 00 00 00 00 00 b7 b0 
b3 

a0 a2 00 09 12 80 25 00 80 00 00 00 00 01 37 b0 
b3 

a0 a2 00 09 12 00 26 00 80 00 00 00 00 00 b8 b0 
b3 

a0 a2 00 09 12 80 26 00 80 00 00 00 00 01 38 b0 
b3 

a0 a2 00 09 12 00 27 00 80 00 00 00 00 00 b9 b0 
b3 

a0 a2 00 09 12 80 27 00 80 00 00 00 00 01 39 b0 
b3 

a0 a2 00 09 12 00 28 00 80 00 00 00 00 00 ba b0 
b3 

a0 a2 00 09 12 80 28 00 80 00 00 00 00 01 3a b0 
b3 

a0 a2 00 09 12 00 29 00 80 00 00 00 00 00 bb b0 
b3 

a0 a2 00 09 12 80 29 00 80 00 00 00 00 01 3b b0 
b3 

a0 a2 00 09 12 00 2a 00 80 00 00 00 00 00 bc b0 
b3 

a0 a2 00 09 12 80 2a 00 80 00 00 00 00 01 3c b0 
b3 

a0 a2 00 09 12 00 2b 00 80 00 00 00 00 00 bd b0 
b3 

a0 a2 00 09 12 80 2b 00 80 00 00 00 00 01 3d b0 
b3 

a0 a2 00 09 12 00 2c 00 80 00 00 00 00 00 be b0 
b3 

a0 a2 00 09 12 80 2c 00 80 00 00 00 00 01 3e b0 
b3 

a0 a2 00 09 12 00 2d 00 80 00 00 00 00 00 bf b0 
b3 

a0 a2 00 09 12 80 2d 00 80 00 00 00 00 01 3f b0 
b3 

a0 a2 00 09 12 00 2e 00 80 00 00 00 00 00 c0 b0 
b3 

a0 a2 00 09 12 80 2e 00 80 00 00 00 00 01 40 b0 
b3 

a0 a2 00 09 12 00 2f 00 80 00 00 00 00 00 c1 b0 
b3 

a0 a2 00 09 12 80 2f 00 80 00 00 00 00 01 41 b0 
b3 

a0 a2 00 09 12 00 30 00 80 00 00 00 00 00 c2 b0 
b3 

a0 a2 00 09 12 80 30 00 80 00 00 00 00 01 42 b0 
b3 

a0 a2 00 09 12 00 31 00 80 00 00 00 00 00 c3 b0 
b3 

a0 a2 00 09 12 80 31 00 80 00 00 00 00 01 43 b0 
b3 

a0 a2 00 09 12 00 32 00 80 00 00 00 00 00 c4 b0 
b3 

a0 a2 00 09 12 80 32 00 80 00 00 00 00 01 44 b0 
b3 

a0 a2 00 09 12 00 33 00 80 00 00 00 00 00 c5 b0 
b3 

a0 a2 00 09 12 80 33 00 80 00 00 00 00 01 45 b0 
b3 

a0 a2 00 09 12 00 34 00 80 00 00 00 00 00 c6 b0 
b3 

a0 a2 00 09 12 80 34 00 80 00 00 00 00 01 46 b0 
b3 

a0 a2 00 09 12 00 35 00 80 00 00 00 00 00 c7 b0 
b3 

a0 a2 00 09 12 80 35 00 80 00 00 00 00 01 47 b0 
b3 

a0 a2 00 09 12 00 36 00 80 00 00 00 00 00 c8 b0 
b3 

a0 a2 00 09 12 80 36 00 80 00 00 00 00 01 48 b0 
b3 

a0 a2 00 09 12 00 37 00 80 00 00 00 00 00 c9 b0 
b3 

a0 a2 00 09 12 80 37 00 80 00 00 00 00 01 49 b0 
b3 

a0 a2 00 09 12 00 38 00 80 00 00 00 00 00 ca b0 
b3 

a0 a2 00 09 12 80 38 00 80 00 00 00 00 01 4a b0 
b3 

a0 a2 00 09 12 00 39 00 80 00 00 00 00 00 cb b0 
b3 

a0 a2 00 09 12 80 39 00 80 00 00 00 00 01 4b b0 
b3 

a0 a2 00 09 12 00 3a 00 80 00 00 00 00 00 cc b0 
b3 

a0 a2 00 09 12 80 3a 00 80 00 00 00 00 01 4c b0 
b3 

a0 a2 00 09 12 00 3b 00 80 00 00 00 00 00 cd b0 
b3 

a0 a2 00 09 12 80 3b 00 80 00 00 00 00 01 4d b0 
b3 

a0 a2 00 09 12 00 3c 00 80 00 00 00 00 00 ce b0 
b3 

a0 a2 00 09 12 80 3c 00 80 00 00 00 00 01 4e b0 
b3 

a0 a2 00 09 12 00 3d 00 80 00 00 00 00 00 cf b0 
b3 

a0 a2 00 09 12 80 3d 00 80 00 00 00 00 01 4f b0 
b3 

a0 a2 00 09 12 00 3e 00 80 00 00 00 00 00 d0 b0 
b3 

a0 a2 00 09 12 80 3e 00 80 00 00 00 00 01 50 b0 
b3 

a0 a2 00 09 12 00 3f 00 80 00 00 00 00 00 d1 b0 
b3 

a0 a2 00 09 12 80 3f 00 80 00 00 00 00 01 51 b0 
b3 

a0 a2 00 09 12 00 40 00 80 00 00 00 00 00 d2 b0 
b3 

a0 a2 00 09 12 80 40 00 80 00 00 00 00 01 52 b0 
b3 

a0 a2 00 09 12 00 41 00 80 00 00 00 00 00 d3 b0 
b3 

a0 a2 00 09 12 80 41 00 80 00 00 00 00 01 53 b0 
b3 

a0 a2 00 09 12 00 42 00 80 00 00 00 00 00 d4 b0 
b3 

a0 a2 00 09 12 80 42 00 80 00 00 00 00 01 54 b0 
b3 

a0 a2 00 09 12 00 43 00 80 00 00 00 00 00 d5 b0 
b3 

a0 a2 00 09 12 80 43 00 80 00 00 00 00 01 55 b0 
b3 

a0 a2 00 09 12 00 44 00 80 00 00 00 00 00 d6 b0 
b3 

a0 a2 00 09 12 80 44 00 80 00 00 00 00 01 56 b0 
b3 

a0 a2 00 09 12 00 45 00 80 00 00 00 00 00 d7 b0 
b3 

a0 a2 00 09 12 80 45 00 80 00 00 00 00 01 57 b0 
b3 

a0 a2 00 09 12 00 46 00 80 00 00 00 00 00 d8 b0 
b3 

a0 a2 00 09 12 80 46 00 80 00 00 00 00 01 58 b0 
b3 

a0 a2 00 09 12 00 47 00 80 00 00 00 00 00 d9 b0 
b3 

a0 a2 00 09 12 80 47 00 80 00 00 00 00 01 59 b0 
b3 

a0 a2 00 09 12 00 48 00 80 00 00 00 00 00 da b0 
b3 

a0 a2 00 09 12 80 48 00 80 00 00 00 00 01 5a b0 
b3 

a0 a2 00 09 12 00 49 00 80 00 00 00 00 00 db b0 
b3 

a0 a2 00 09 12 80 49 00 80 00 00 00 00 01 5b b0 
b3 

a0 a2 00 09 12 00 4a 00 80 00 00 00 00 00 dc b0 
b3 

a0 a2 00 09 12 80 4a 00 80 00 00 00 00 01 5c b0 
b3 

a0 a2 00 09 12 00 4b 00 80 00 00 00 00 00 dd b0 
b3 

a0 a2 00 09 12 80 4b 00 80 00 00 00 00 01 5d b0 
b3 

a0 a2 00 09 12 00 4c 00 80 00 00 00 00 00 de b0 
b3 

a0 a2 00 09 12 80 4c 00 80 00 00 00 00 01 5e b0 
b3 

a0 a2 00 09 12 00 4d 00 80 00 00 00 00 00 df b0 
b3 

a0 a2 00 09 12 80 4d 00 80 00 00 00 00 01 5f b0 
b3 

a0 a2 00 09 12 00 4e 00 80 00 00 00 00 00 e0 b0 
b3 

a0 a2 00 09 12 80 4e 00 80 00 00 00 00 01 60 b0 
b3 

a0 a2 00 09 12 00 4f 00 80 00 00 00 00 00 e1 b0 
b3 

a0 a2 00 09 12 80 4f 00 80 00 00 00 00 01 61 b0 
b3 

